93.000 -25.000 59.000
41.000 11.000 102.000
70.000 -1.000 115.000
47.000 -71.000 49.000
62.000 12.000 44.000
71.000 -21.000 40.000
83.000 -61.000 62.000
87.000 -8.000 40.000
47.000 -39.000 66.000
70.000 -68.000 30.000
58.000 40.000 73.000
53.000 -53.000 36.000
43.000 40.000 76.000
95.000 -5.000 50.000
63.000 -14.000 45.000
47.000 -39.000 103.000
80.000 9.000 93.000
75.000 43.000 81.000
79.000 26.000 92.000
52.000 -67.000 38.000
80.000 -32.000 98.000
44.000 -26.000 93.000
73.000 -21.000 104.000
49.000 -58.000 75.000
42.000 37.000 88.000
67.000 37.000 106.000
46.000 13.000 117.000
61.000 -71.000 76.000
89.000 -3.000 64.000
90.000 -38.000 79.000
45.000 62.000 96.000
69.000 30.000 49.000
80.000 -17.000 69.000
73.000 7.000 72.000
63.000 -32.000 19.000
51.000 -12.000 69.000
53.000 9.000 82.000
64.000 6.000 72.000
59.000 2.000 69.000
63.000 -7.000 52.000
62.000 9.000 55.000
48.000 17.000 71.000
26.000 -13.000 69.000
21.000 8.000 83.000
11.000 5.000 73.000
16.000 0.000 69.000
13.000 -7.000 52.000
14.000 8.000 55.000
27.000 16.000 72.000
-7.000 -35.000 61.000
31.000 12.000 102.000
2.000 -3.000 114.000
35.000 -69.000 54.000
15.000 12.000 44.000
9.000 -22.000 38.000
1.000 -63.000 68.000
-9.000 -9.000 37.000
34.000 -39.000 69.000
12.000 -69.000 34.000
14.000 37.000 74.000
30.000 -52.000 41.000
29.000 41.000 78.000
-15.000 -11.000 50.000
15.000 -13.000 44.000
31.000 -40.000 106.000
-8.000 10.000 88.000
-3.000 44.000 83.000
-9.000 27.000 87.000
31.000 -65.000 43.000
-2.000 -34.000 98.000
33.000 -26.000 93.000
1.000 -23.000 105.000
32.000 -58.000 78.000
30.000 34.000 91.000
3.000 34.000 106.000
25.000 9.000 115.000
21.000 -70.000 82.000
-13.000 -6.000 63.000
-13.000 -40.000 81.000
25.000 61.000 93.000
6.000 28.000 49.000
-2.000 -19.000 69.000
2.000 6.000 71.000
17.000 -34.000 16.000
39.000 -9.000 35.000
